
  ----------------------------------------------------------------------------------------------------------------------------
  IPGKinematics  Version 3.6.11                                           Model: Querlenker                                   
  ----------------------------------------------------------------------------------------------------------------------------

   Table: Compliance - Force Z at Wheel Center                            Demo data                                           

   WhTra  ForceZ_L ForceZ_R   TraX_L   TraX_R   TraY_L   TraY_R   TraZ_L   TraZ_R   RotX_L   RotX_R   RotY_L   RotY_R   RotZ_L   RotZ_R WhlLoadL WhlLoadR
     [mm]      [N]      [N]     [mm]     [mm]     [mm]     [mm]     [mm]     [mm]    [deg]    [deg]    [deg]    [deg]    [deg]    [deg]      [N]      [N]

     0.00  1000.00     0.00     0.03     0.00     0.00    -0.00     1.04     0.00     1.02    -1.00     0.02    -0.00    -0.00    -0.00 -1005.31    -0.00
     0.00 -1000.00     0.00    -0.03     0.00    -0.00    -0.00    -1.04     0.00     0.98    -1.00    -0.02    -0.00     0.00    -0.00  1005.10    -0.00
     0.00     0.00  1000.00    -0.00     0.03     0.00    -0.00    -0.00     1.04     1.00    -1.02    -0.00     0.02     0.00     0.00     0.00 -1005.31
     0.00     0.00 -1000.00     0.00    -0.03    -0.00     0.00    -0.00    -1.04     1.00    -0.98    -0.00    -0.02    -0.00    -0.00    -0.00  1005.10
     5.00  1000.00     0.00     0.18     0.15    -0.04     0.02     6.06     5.02     1.09    -1.07     0.11     0.09    -0.00     0.00 -1005.82    -0.00
     5.00 -1000.00     0.00     0.12     0.15    -0.01     0.02     3.98     5.02     1.05    -1.07     0.07     0.09    -0.00     0.00  1005.62     0.00
     5.00     0.00  1000.00     0.15     0.18    -0.02     0.04     5.02     6.06     1.07    -1.09     0.09     0.11    -0.00     0.00     0.00 -1005.82
     5.00     0.00 -1000.00     0.15     0.12    -0.02     0.01     5.02     3.98     1.07    -1.05     0.09     0.07    -0.00     0.00     0.00  1005.62
    10.00  1000.00     0.00     0.34     0.31    -0.15     0.12    11.08    10.03     1.17    -1.15     0.20     0.18    -0.00     0.00 -1006.31     0.00
    10.00 -1000.00     0.00     0.28     0.31    -0.10     0.12     8.99    10.03     1.13    -1.15     0.17     0.18    -0.00     0.00  1006.12     0.00
    10.00     0.00  1000.00     0.31     0.34    -0.12     0.15    10.03    11.08     1.15    -1.17     0.18     0.20    -0.00     0.00     0.00 -1006.31
    10.00     0.00 -1000.00     0.31     0.28    -0.12     0.10    10.03     8.99     1.15    -1.13     0.18     0.17    -0.00     0.00     0.00  1006.12
    15.00  1000.00     0.00     0.49     0.46    -0.34     0.30    16.10    15.05     1.26    -1.24     0.30     0.28    -0.00     0.00 -1006.77     0.00
    15.00 -1000.00     0.00     0.43     0.46    -0.26     0.30    14.01    15.05     1.22    -1.24     0.26     0.28    -0.00     0.00  1006.59     0.00
    15.00     0.00  1000.00     0.46     0.49    -0.30     0.34    15.05    16.10     1.24    -1.26     0.28     0.30    -0.00     0.00     0.00 -1006.77
    15.00     0.00 -1000.00     0.46     0.43    -0.30     0.26    15.05    14.01     1.24    -1.22     0.28     0.26    -0.00     0.00    -0.00  1006.59
    20.00  1000.00     0.00     0.64     0.61    -0.61     0.55    21.12    20.07     1.36    -1.34     0.39     0.37     0.00    -0.00 -1007.19     0.00
    20.00 -1000.00     0.00     0.58     0.61    -0.49     0.55    19.03    20.07     1.31    -1.34     0.35     0.37    -0.00    -0.00  1007.03     0.00
    20.00     0.00  1000.00     0.61     0.64    -0.55     0.61    20.07    21.12     1.34    -1.36     0.37     0.39     0.00    -0.00     0.00 -1007.19
    20.00     0.00 -1000.00     0.61     0.58    -0.55     0.49    20.07    19.03     1.34    -1.31     0.37     0.35     0.00     0.00     0.00  1007.03
    25.00  1000.00     0.00     0.79     0.76    -0.95     0.88    26.14    25.10     1.47    -1.45     0.48     0.47     0.01    -0.00 -1007.58     0.00
    25.00 -1000.00     0.00     0.73     0.76    -0.80     0.88    24.05    25.10     1.42    -1.45     0.45     0.47     0.00    -0.00  1007.43    -0.00
    25.00     0.00  1000.00     0.76     0.79    -0.88     0.95    25.10    26.14     1.45    -1.47     0.47     0.48     0.00    -0.01     0.00 -1007.58
    25.00     0.00 -1000.00     0.76     0.73    -0.88     0.80    25.10    24.05     1.45    -1.42     0.47     0.45     0.00    -0.00    -0.00  1007.43
    30.00  1000.00     0.00     0.94     0.91    -1.37     1.28    31.16    30.12     1.59    -1.56     0.58     0.56     0.01    -0.01 -1007.93     0.00
    30.00 -1000.00     0.00     0.88     0.91    -1.19     1.28    29.07    30.12     1.53    -1.56     0.54     0.56     0.01    -0.01  1007.80     0.00
    30.00     0.00  1000.00     0.91     0.94    -1.28     1.37    30.12    31.16     1.56    -1.59     0.56     0.58     0.01    -0.01     0.00 -1007.93
    30.00     0.00 -1000.00     0.91     0.88    -1.28     1.19    30.12    29.07     1.56    -1.53     0.56     0.54     0.01    -0.01     0.00  1007.80
    35.00  1000.00     0.00     1.09     1.06    -1.86     1.75    36.19    35.14     1.72    -1.69     0.67     0.66     0.02    -0.02 -1008.25     0.00
    35.00 -1000.00     0.00     1.03     1.06    -1.65     1.75    34.10    35.14     1.66    -1.69     0.64     0.66     0.02    -0.02  1008.13     0.00
    35.00     0.00  1000.00     1.06     1.09    -1.75     1.86    35.14    36.19     1.69    -1.72     0.66     0.67     0.02    -0.02     0.00 -1008.25
    35.00     0.00 -1000.00     1.06     1.03    -1.75     1.65    35.14    34.10     1.69    -1.66     0.66     0.64     0.02    -0.02     0.00  1008.13
    40.00  1000.00     0.00     1.23     1.20    -2.43     2.30    41.21    40.17     1.85    -1.82     0.77     0.75     0.03    -0.03 -1008.53     0.00
    40.00 -1000.00     0.00     1.17     1.20    -2.18     2.30    39.12    40.17     1.79    -1.82     0.74     0.75     0.03    -0.03  1008.42     0.00
    40.00     0.00  1000.00     1.20     1.23    -2.30     2.43    40.17    41.21     1.82    -1.85     0.75     0.77     0.03    -0.03     0.00 -1008.53
    40.00     0.00 -1000.00     1.20     1.17    -2.30     2.18    40.17    39.12     1.82    -1.79     0.75     0.74     0.03    -0.03     0.00  1008.42
    -5.00  1000.00     0.00    -0.12    -0.15    -0.04     0.05    -3.98    -5.01     0.95    -0.94    -0.07    -0.09     0.00    -0.00 -1004.77    -0.00
    -5.00 -1000.00     0.00    -0.19    -0.15    -0.07     0.05    -6.05    -5.01     0.92    -0.94    -0.11    -0.09     0.00    -0.00  1004.54    -0.00
    -5.00     0.00  1000.00    -0.15    -0.12    -0.05     0.04    -5.01    -3.98     0.94    -0.95    -0.09    -0.07     0.00    -0.00     0.00 -1004.77
    -5.00     0.00 -1000.00    -0.15    -0.19    -0.05     0.07    -5.01    -6.05     0.94    -0.92    -0.09    -0.11     0.00    -0.00     0.00  1004.54
   -10.00  1000.00     0.00    -0.28    -0.31    -0.15     0.18    -8.99   -10.03     0.90    -0.88    -0.16    -0.18     0.01    -0.01 -1004.20    -0.00
   -10.00 -1000.00     0.00    -0.34    -0.31    -0.22     0.18   -11.07   -10.03     0.87    -0.88    -0.20    -0.18     0.01    -0.01  1003.97    -0.00
   -10.00     0.00  1000.00    -0.31    -0.28    -0.18     0.15   -10.03    -8.99     0.88    -0.90    -0.18    -0.16     0.01    -0.01     0.00 -1004.20
   -10.00     0.00 -1000.00    -0.31    -0.34    -0.18     0.22   -10.03   -11.07     0.88    -0.87    -0.18    -0.20     0.01    -0.01     0.00  1003.97
   -15.00  1000.00     0.00    -0.44    -0.47    -0.34     0.39   -14.00   -15.04     0.85    -0.84    -0.25    -0.27     0.02    -0.02 -1003.61    -0.00
   -15.00 -1000.00     0.00    -0.50    -0.47    -0.44     0.39   -16.08   -15.04     0.83    -0.84    -0.29    -0.27     0.02    -0.02  1003.37     0.00
   -15.00     0.00  1000.00    -0.47    -0.44    -0.39     0.34   -15.04   -14.00     0.84    -0.85    -0.27    -0.25     0.02    -0.02    -0.00 -1003.61
   -15.00     0.00 -1000.00    -0.47    -0.50    -0.39     0.44   -15.04   -16.08     0.84    -0.83    -0.27    -0.29     0.02    -0.02     0.00  1003.37
   -20.00  1000.00     0.00    -0.59    -0.62    -0.61     0.67   -19.01   -20.05     0.81    -0.80    -0.34    -0.36     0.02    -0.03 -1003.00    -0.00
   -20.00 -1000.00     0.00    -0.66    -0.62    -0.74     0.67   -21.09   -20.05     0.79    -0.80    -0.38    -0.36     0.03    -0.03  1002.74     0.00
   -20.00     0.00  1000.00    -0.62    -0.59    -0.67     0.61   -20.05   -19.01     0.80    -0.81    -0.36    -0.34     0.03    -0.02    -0.00 -1003.00
   -20.00     0.00 -1000.00    -0.62    -0.66    -0.67     0.74   -20.05   -21.09     0.80    -0.79    -0.36    -0.38     0.03    -0.03    -0.00  1002.74
   -25.00  1000.00     0.00    -0.75    -0.78    -0.95     1.03   -24.02   -25.06     0.79    -0.78    -0.43    -0.45     0.03    -0.04 -1002.36    -0.00
   -25.00 -1000.00     0.00    -0.81    -0.78    -1.12     1.03   -26.09   -25.06     0.77    -0.78    -0.47    -0.45     0.04    -0.04  1002.10     0.00
   -25.00     0.00  1000.00    -0.78    -0.75    -1.03     0.95   -25.06   -24.02     0.78    -0.79    -0.45    -0.43     0.04    -0.03     0.00 -1002.36
   -25.00     0.00 -1000.00    -0.78    -0.81    -1.03     1.12   -25.06   -26.09     0.78    -0.77    -0.45    -0.47     0.04    -0.04     0.00  1002.10
   -30.00  1000.00     0.00    -0.91    -0.94    -1.38     1.47   -29.03   -30.06     0.77    -0.76    -0.51    -0.53     0.05    -0.05 -1001.71    -0.00
   -30.00 -1000.00     0.00    -0.97    -0.94    -1.57     1.47   -31.10   -30.06     0.75    -0.76    -0.55    -0.53     0.05    -0.05  1001.44     0.00
   -30.00     0.00  1000.00    -0.94    -0.91    -1.47     1.38   -30.06   -29.03     0.76    -0.77    -0.53    -0.51     0.05    -0.05     0.00 -1001.71
   -30.00     0.00 -1000.00    -0.94    -0.97    -1.47     1.57   -30.06   -31.10     0.76    -0.75    -0.53    -0.55     0.05    -0.05     0.00  1001.44
   -35.00  1000.00     0.00    -1.07    -1.10    -1.88     1.99   -34.03   -35.07     0.76    -0.75    -0.60    -0.62     0.06    -0.06 -1001.03    -0.00
   -35.00 -1000.00     0.00    -1.13    -1.10    -2.11     1.99   -36.10   -35.07     0.75    -0.75    -0.64    -0.62     0.07    -0.06  1000.75    -0.00
   -35.00     0.00  1000.00    -1.10    -1.07    -1.99     1.88   -35.07   -34.03     0.75    -0.76    -0.62    -0.60     0.06    -0.06    -0.00 -1001.03
   -35.00     0.00 -1000.00    -1.10    -1.13    -1.99     2.11   -35.07   -36.10     0.75    -0.75    -0.62    -0.64     0.06    -0.07     0.00  1000.75
   -40.00  1000.00     0.00    -1.23    -1.26    -2.46     2.59   -39.03   -40.07     0.76    -0.75    -0.69    -0.71     0.07    -0.08 -1000.34    -0.00
   -40.00 -1000.00     0.00    -1.29    -1.26    -2.73     2.59   -41.10   -40.07     0.75    -0.75    -0.73    -0.71     0.08    -0.08  1000.06    -0.00
   -40.00     0.00  1000.00    -1.26    -1.23    -2.59     2.46   -40.07   -39.03     0.75    -0.76    -0.71    -0.69     0.08    -0.07     0.00 -1000.34
   -40.00     0.00 -1000.00    -1.26    -1.29    -2.59     2.73   -40.07   -41.10     0.75    -0.75    -0.71    -0.73     0.08    -0.08    -0.00  1000.06
