
  ----------------------------------------------------------------------------------------------------------------------------
  IPGKinematics  Version 3.6.11                                           Model: Querlenker                                   
  ----------------------------------------------------------------------------------------------------------------------------

   Table: Compliance - Torque X at Wheel Center                           Demo data                                           

   WhTra  TorquX_L TorquX_R   TraX_L   TraX_R   TraY_L   TraY_R   TraZ_L   TraZ_R   RotX_L   RotX_R   RotY_L   RotY_R   RotZ_L   RotZ_R WhlLoadL WhlLoadR
     [mm]     [Nm]     [Nm]     [mm]     [mm]     [mm]     [mm]     [mm]     [mm]    [deg]    [deg]    [deg]    [deg]    [deg]    [deg]      [N]      [N]

     0.00   100.00     0.00     0.01    -0.00    -0.01     0.00     0.06    -0.00     1.07    -1.00     0.05    -0.00    -0.01    -0.00   -42.21     0.00
     0.00  -100.00     0.00    -0.01    -0.00     0.01     0.00    -0.06    -0.00     0.93    -1.00    -0.05    -0.00     0.01    -0.00    42.57     0.00
     0.00     0.00   100.00    -0.00    -0.01     0.00    -0.01    -0.00    -0.06     1.00    -0.93    -0.00    -0.05     0.00    -0.01     0.00    42.57
     0.00     0.00  -100.00    -0.00     0.01     0.00     0.01    -0.00     0.06     1.00    -1.07    -0.00     0.05     0.00     0.01    -0.00   -42.21
     5.00   100.00     0.00     0.80     0.79     0.12    -0.13     5.08     5.02     1.19    -1.12     0.04    -0.01    -0.30     0.29   -44.33     0.00
     5.00  -100.00     0.00     0.79     0.79     0.14    -0.13     4.97     5.02     1.06    -1.12    -0.07    -0.01    -0.29     0.29    44.68     0.00
     5.00     0.00   100.00     0.79     0.79     0.13    -0.14     5.02     4.97     1.12    -1.06    -0.01    -0.07    -0.29     0.29     0.00    44.68
     5.00     0.00  -100.00     0.79     0.80     0.13    -0.12     5.02     5.08     1.12    -1.19    -0.01     0.04    -0.29     0.30    -0.00   -44.33
    10.00   100.00     0.00     1.56     1.55     0.17    -0.18    10.11    10.05     1.32    -1.25     0.02    -0.03    -0.58     0.58   -46.46     0.00
    10.00  -100.00     0.00     1.54     1.55     0.19    -0.18     9.99    10.05     1.19    -1.25    -0.08    -0.03    -0.58     0.58    46.80     0.00
    10.00     0.00   100.00     1.55     1.54     0.18    -0.19    10.05     9.99     1.25    -1.19    -0.03    -0.08    -0.58     0.58     0.00    46.80
    10.00     0.00  -100.00     1.55     1.56     0.18    -0.17    10.05    10.11     1.25    -1.32    -0.03     0.02    -0.58     0.58     0.00   -46.46
    15.00   100.00     0.00     2.28     2.28     0.15    -0.16    15.14    15.07     1.46    -1.39     0.00    -0.05    -0.87     0.87   -48.59     0.00
    15.00  -100.00     0.00     2.27     2.28     0.17    -0.16    15.01    15.07     1.32    -1.39    -0.10    -0.05    -0.86     0.87    48.92    -0.00
    15.00     0.00   100.00     2.28     2.27     0.16    -0.17    15.07    15.01     1.39    -1.32    -0.05    -0.10    -0.87     0.86     0.00    48.92
    15.00     0.00  -100.00     2.28     2.28     0.16    -0.15    15.07    15.14     1.39    -1.46    -0.05     0.00    -0.87     0.87     0.00   -48.59
    20.00   100.00     0.00     2.97     2.97     0.06    -0.06    20.16    20.10     1.60    -1.53    -0.02    -0.07    -1.15     1.15   -50.73     0.00
    20.00  -100.00     0.00     2.96     2.97     0.07    -0.06    20.04    20.10     1.47    -1.53    -0.12    -0.07    -1.15     1.15    51.05     0.00
    20.00     0.00   100.00     2.97     2.96     0.06    -0.07    20.10    20.04     1.53    -1.47    -0.07    -0.12    -1.15     1.15     0.00    51.05
    20.00     0.00  -100.00     2.97     2.97     0.06    -0.06    20.10    20.16     1.53    -1.60    -0.07    -0.02    -1.15     1.15     0.00   -50.73
    25.00   100.00     0.00     3.63     3.63    -0.12     0.11    25.19    25.13     1.75    -1.68    -0.04    -0.09    -1.43     1.43   -52.89     0.00
    25.00  -100.00     0.00     3.62     3.63    -0.10     0.11    25.06    25.13     1.62    -1.68    -0.14    -0.09    -1.43     1.43    53.19     0.00
    25.00     0.00   100.00     3.63     3.62    -0.11     0.10    25.13    25.06     1.68    -1.62    -0.09    -0.14    -1.43     1.43    -0.00    53.19
    25.00     0.00  -100.00     3.63     3.63    -0.11     0.12    25.13    25.19     1.68    -1.75    -0.09    -0.04    -1.43     1.43     0.00   -52.89
    30.00   100.00     0.00     4.26     4.25    -0.36     0.36    30.22    30.15     1.90    -1.84    -0.07    -0.12    -1.71     1.71   -55.06     0.00
    30.00  -100.00     0.00     4.24     4.25    -0.35     0.36    30.08    30.15     1.77    -1.84    -0.17    -0.12    -1.71     1.71    55.36     0.00
    30.00     0.00   100.00     4.25     4.24    -0.36     0.35    30.15    30.08     1.84    -1.77    -0.12    -0.17    -1.71     1.71    -0.00    55.36
    30.00     0.00  -100.00     4.25     4.26    -0.36     0.36    30.15    30.22     1.84    -1.90    -0.12    -0.07    -1.71     1.71     0.00   -55.06
    35.00   100.00     0.00     4.85     4.84    -0.69     0.68    35.25    35.18     2.06    -2.00    -0.09    -0.14    -1.99     1.99   -57.25     0.00
    35.00  -100.00     0.00     4.84     4.84    -0.67     0.68    35.11    35.18     1.94    -2.00    -0.20    -0.14    -1.99     1.99    57.54     0.00
    35.00     0.00   100.00     4.84     4.84    -0.68     0.67    35.18    35.11     2.00    -1.94    -0.14    -0.20    -1.99     1.99    -0.00    57.54
    35.00     0.00  -100.00     4.84     4.85    -0.68     0.69    35.18    35.25     2.00    -2.06    -0.14    -0.09    -1.99     1.99    -0.00   -57.25
    40.00   100.00     0.00     5.41     5.40    -1.08     1.07    40.28    40.21     2.23    -2.17    -0.12    -0.17    -2.27     2.27   -59.46     0.00
    40.00  -100.00     0.00     5.40     5.40    -1.06     1.07    40.13    40.21     2.10    -2.17    -0.22    -0.17    -2.27     2.27    59.74    -0.00
    40.00     0.00   100.00     5.40     5.40    -1.07     1.06    40.21    40.13     2.17    -2.10    -0.17    -0.22    -2.27     2.27    -0.00    59.74
    40.00     0.00  -100.00     5.40     5.41    -1.07     1.08    40.21    40.28     2.17    -2.23    -0.17    -0.12    -2.27     2.27     0.00   -59.46
    -5.00   100.00     0.00    -0.82    -0.83    -0.22     0.21    -4.97    -5.02     0.95    -0.88     0.06     0.01     0.29    -0.29   -40.08    -0.00
    -5.00  -100.00     0.00    -0.84    -0.83    -0.20     0.21    -5.08    -5.02     0.81    -0.88    -0.04     0.01     0.30    -0.29    40.46     0.00
    -5.00     0.00   100.00    -0.83    -0.84    -0.21     0.20    -5.02    -5.08     0.88    -0.81     0.01    -0.04     0.29    -0.30     0.00    40.46
    -5.00     0.00  -100.00    -0.83    -0.82    -0.21     0.22    -5.02    -4.97     0.88    -0.95     0.01     0.06     0.29    -0.29    -0.00   -40.08
   -10.00   100.00     0.00    -1.68    -1.69    -0.50     0.49    -9.99   -10.05     0.84    -0.77     0.07     0.02     0.58    -0.59   -37.95    -0.00
   -10.00  -100.00     0.00    -1.70    -1.69    -0.48     0.49   -10.10   -10.05     0.70    -0.77    -0.03     0.02     0.60    -0.59    38.34    -0.00
   -10.00     0.00   100.00    -1.69    -1.70    -0.49     0.48   -10.05   -10.10     0.77    -0.70     0.02    -0.03     0.59    -0.60     0.00    38.34
   -10.00     0.00  -100.00    -1.69    -1.68    -0.49     0.50   -10.05    -9.99     0.77    -0.84     0.02     0.07     0.59    -0.58     0.00   -37.95
   -15.00   100.00     0.00    -2.58    -2.59    -0.86     0.85   -15.02   -15.07     0.73    -0.66     0.08     0.03     0.88    -0.89   -35.81    -0.00
   -15.00  -100.00     0.00    -2.60    -2.59    -0.84     0.85   -15.12   -15.07     0.59    -0.66    -0.02     0.03     0.90    -0.89    36.21     0.00
   -15.00     0.00   100.00    -2.59    -2.60    -0.85     0.84   -15.07   -15.12     0.66    -0.59     0.03    -0.02     0.89    -0.90     0.00    36.21
   -15.00     0.00  -100.00    -2.59    -2.58    -0.85     0.86   -15.07   -15.02     0.66    -0.73     0.03     0.08     0.89    -0.88     0.00   -35.81
   -20.00   100.00     0.00    -3.52    -3.53    -1.30     1.29   -20.04   -20.09     0.64    -0.56     0.08     0.03     1.19    -1.20   -33.66    -0.00
   -20.00  -100.00     0.00    -3.54    -3.53    -1.28     1.29   -20.14   -20.09     0.49    -0.56    -0.02     0.03     1.21    -1.20    34.08     0.00
   -20.00     0.00   100.00    -3.53    -3.54    -1.29     1.28   -20.09   -20.14     0.56    -0.49     0.03    -0.02     1.20    -1.21     0.00    34.08
   -20.00     0.00  -100.00    -3.53    -3.52    -1.29     1.30   -20.09   -20.04     0.56    -0.64     0.03     0.08     1.20    -1.19    -0.00   -33.66
   -25.00   100.00     0.00    -4.49    -4.50    -1.82     1.81   -25.06   -25.11     0.54    -0.47     0.08     0.03     1.49    -1.51   -31.49    -0.00
   -25.00  -100.00     0.00    -4.51    -4.50    -1.80     1.81   -25.16   -25.11     0.40    -0.47    -0.02     0.03     1.52    -1.51    31.92     0.00
   -25.00     0.00   100.00    -4.50    -4.51    -1.81     1.80   -25.11   -25.16     0.47    -0.40     0.03    -0.02     1.51    -1.52     0.00    31.92
   -25.00     0.00  -100.00    -4.50    -4.49    -1.81     1.82   -25.11   -25.06     0.47    -0.54     0.03     0.08     1.51    -1.49     0.00   -31.49
   -30.00   100.00     0.00    -5.51    -5.52    -2.43     2.41   -30.08   -30.13     0.46    -0.38     0.08     0.03     1.81    -1.82   -29.29    -0.00
   -30.00  -100.00     0.00    -5.53    -5.52    -2.40     2.41   -30.18   -30.13     0.31    -0.38    -0.02     0.03     1.83    -1.82    29.75     0.00
   -30.00     0.00   100.00    -5.52    -5.53    -2.41     2.40   -30.13   -30.18     0.38    -0.31     0.03    -0.02     1.82    -1.83     0.00    29.75
   -30.00     0.00  -100.00    -5.52    -5.51    -2.41     2.43   -30.13   -30.08     0.38    -0.46     0.03     0.08     1.82    -1.81     0.00   -29.29
   -35.00   100.00     0.00    -6.56    -6.57    -3.11     3.09   -35.10   -35.15     0.38    -0.30     0.07     0.02     2.12    -2.14   -27.07    -0.00
   -35.00  -100.00     0.00    -6.58    -6.57    -3.08     3.09   -35.19   -35.15     0.23    -0.30    -0.03     0.02     2.15    -2.14    27.55     0.00
   -35.00     0.00   100.00    -6.57    -6.58    -3.09     3.08   -35.15   -35.19     0.30    -0.23     0.02    -0.03     2.14    -2.15     0.00    27.55
   -35.00     0.00  -100.00    -6.57    -6.56    -3.09     3.11   -35.15   -35.10     0.30    -0.38     0.02     0.07     2.14    -2.12     0.00   -27.07
   -40.00   100.00     0.00    -7.65    -7.66    -3.87     3.86   -40.12   -40.16     0.30    -0.23     0.06     0.01     2.45    -2.46   -24.82    -0.00
   -40.00  -100.00     0.00    -7.67    -7.66    -3.84     3.86   -40.21   -40.16     0.15    -0.23    -0.04     0.01     2.47    -2.46    25.32    -0.00
   -40.00     0.00   100.00    -7.66    -7.67    -3.86     3.84   -40.16   -40.21     0.23    -0.15     0.01    -0.04     2.46    -2.47    -0.00    25.32
   -40.00     0.00  -100.00    -7.66    -7.65    -3.86     3.87   -40.16   -40.12     0.23    -0.30     0.01     0.06     2.46    -2.45     0.00   -24.82
