
  ----------------------------------------------------------------------------------------------------------------------------
  IPGKinematics  Version 3.6.11                                           Model: Querlenker                                   
  ----------------------------------------------------------------------------------------------------------------------------

   Table: Compliance - Force Z at Wheel Center                            Demo data                                           

   WhTra  ForceZ_L ForceZ_R   TraX_L   TraX_R   TraY_L   TraY_R   TraZ_L   TraZ_R   RotX_L   RotX_R   RotY_L   RotY_R   RotZ_L   RotZ_R WhlLoadL WhlLoadR
     [mm]      [N]      [N]     [mm]     [mm]     [mm]     [mm]     [mm]     [mm]    [deg]    [deg]    [deg]    [deg]    [deg]    [deg]      [N]      [N]

     0.00  1000.00     0.00     0.17    -0.00     0.03     0.00     1.05    -0.00     1.04    -1.00     0.01    -0.00    -0.06    -0.00 -1008.02     0.00
     0.00 -1000.00     0.00    -0.17    -0.00    -0.03     0.00    -1.05    -0.00     0.96    -1.00    -0.01    -0.00     0.06    -0.00  1007.98     0.00
     0.00     0.00  1000.00    -0.00     0.17    -0.00    -0.03    -0.00     1.05     1.00    -1.04    -0.00     0.01     0.00     0.06     0.00 -1008.02
     0.00     0.00 -1000.00    -0.00    -0.17     0.00     0.03    -0.00    -1.05     1.00    -0.96    -0.00    -0.01     0.00    -0.06     0.00  1007.98
     5.00  1000.00     0.00     0.95     0.79     0.15    -0.13     6.07     5.02     1.16    -1.12    -0.01    -0.01    -0.35     0.29 -1008.23     0.00
     5.00 -1000.00     0.00     0.63     0.79     0.11    -0.13     3.98     5.02     1.09    -1.12    -0.02    -0.01    -0.23     0.29  1008.19     0.00
     5.00     0.00  1000.00     0.79     0.95     0.13    -0.15     5.02     6.07     1.12    -1.16    -0.01    -0.01    -0.29     0.35     0.00 -1008.23
     5.00     0.00 -1000.00     0.79     0.63     0.13    -0.11     5.02     3.98     1.12    -1.09    -0.01    -0.02    -0.29     0.23     0.00  1008.19
    10.00  1000.00     0.00     1.71     1.55     0.18    -0.18    11.10    10.05     1.29    -1.25    -0.03    -0.03    -0.64     0.58 -1008.40     0.00
    10.00 -1000.00     0.00     1.40     1.55     0.18    -0.18     9.00    10.05     1.21    -1.25    -0.04    -0.03    -0.52     0.58  1008.38     0.00
    10.00     0.00  1000.00     1.55     1.71     0.18    -0.18    10.05    11.10     1.25    -1.29    -0.03    -0.03    -0.58     0.64     0.00 -1008.40
    10.00     0.00 -1000.00     1.55     1.40     0.18    -0.18    10.05     9.00     1.25    -1.21    -0.03    -0.04    -0.58     0.52    -0.00  1008.38
    15.00  1000.00     0.00     2.42     2.28     0.15    -0.16    16.12    15.07     1.43    -1.39    -0.04    -0.05    -0.93     0.87 -1008.55     0.00
    15.00 -1000.00     0.00     2.13     2.28     0.17    -0.16    14.03    15.07     1.35    -1.39    -0.05    -0.05    -0.81     0.87  1008.54    -0.00
    15.00     0.00  1000.00     2.28     2.42     0.16    -0.15    15.07    16.12     1.39    -1.43    -0.05    -0.04    -0.87     0.93     0.00 -1008.55
    15.00     0.00 -1000.00     2.28     2.13     0.16    -0.17    15.07    14.03     1.39    -1.35    -0.05    -0.05    -0.87     0.81     0.00  1008.54
    20.00  1000.00     0.00     3.11     2.97     0.03    -0.06    21.15    20.10     1.57    -1.53    -0.07    -0.07    -1.21     1.15 -1008.66     0.00
    20.00 -1000.00     0.00     2.83     2.97     0.09    -0.06    19.05    20.10     1.49    -1.53    -0.07    -0.07    -1.09     1.15  1008.66     0.00
    20.00     0.00  1000.00     2.97     3.11     0.06    -0.03    20.10    21.15     1.53    -1.57    -0.07    -0.07    -1.15     1.21     0.00 -1008.66
    20.00     0.00 -1000.00     2.97     2.83     0.06    -0.09    20.10    19.05     1.53    -1.49    -0.07    -0.07    -1.15     1.09     0.00  1008.66
    25.00  1000.00     0.00     3.76     3.63    -0.15     0.11    26.17    25.13     1.72    -1.68    -0.09    -0.09    -1.49     1.43 -1008.75     0.00
    25.00 -1000.00     0.00     3.49     3.63    -0.07     0.11    24.08    25.13     1.64    -1.68    -0.10    -0.09    -1.37     1.43  1008.76     0.00
    25.00     0.00  1000.00     3.63     3.76    -0.11     0.15    25.13    26.17     1.68    -1.72    -0.09    -0.09    -1.43     1.49     0.00 -1008.75
    25.00     0.00 -1000.00     3.63     3.49    -0.11     0.07    25.13    24.08     1.68    -1.64    -0.09    -0.10    -1.43     1.37    -0.00  1008.76
    30.00  1000.00     0.00     4.38     4.25    -0.42     0.36    31.20    30.15     1.88    -1.84    -0.11    -0.12    -1.77     1.71 -1008.80     0.00
    30.00 -1000.00     0.00     4.12     4.25    -0.30     0.36    29.11    30.15     1.79    -1.84    -0.12    -0.12    -1.65     1.71  1008.82     0.00
    30.00     0.00  1000.00     4.25     4.38    -0.36     0.42    30.15    31.20     1.84    -1.88    -0.12    -0.11    -1.71     1.77     0.00 -1008.80
    30.00     0.00 -1000.00     4.25     4.12    -0.36     0.30    30.15    29.11     1.84    -1.79    -0.12    -0.12    -1.71     1.65     0.00  1008.82
    35.00  1000.00     0.00     4.96     4.84    -0.75     0.68    36.23    35.18     2.04    -2.00    -0.14    -0.14    -2.05     1.99 -1008.81     0.00
    35.00 -1000.00     0.00     4.72     4.84    -0.60     0.68    34.13    35.18     1.96    -2.00    -0.15    -0.14    -1.93     1.99  1008.85     0.00
    35.00     0.00  1000.00     4.84     4.96    -0.68     0.75    35.18    36.23     2.00    -2.04    -0.14    -0.14    -1.99     2.05     0.00 -1008.81
    35.00     0.00 -1000.00     4.84     4.72    -0.68     0.60    35.18    34.13     2.00    -1.96    -0.14    -0.15    -1.99     1.93     0.00  1008.85
    40.00  1000.00     0.00     5.51     5.40    -1.16     1.07    41.25    40.21     2.21    -2.17    -0.17    -0.17    -2.32     2.27 -1008.79     0.00
    40.00 -1000.00     0.00     5.29     5.40    -0.98     1.07    39.16    40.21     2.12    -2.17    -0.17    -0.17    -2.21     2.27  1008.84     0.00
    40.00     0.00  1000.00     5.40     5.51    -1.07     1.16    40.21    41.25     2.17    -2.21    -0.17    -0.17    -2.27     2.32     0.00 -1008.79
    40.00     0.00 -1000.00     5.40     5.29    -1.07     0.98    40.21    39.16     2.17    -2.12    -0.17    -0.17    -2.27     2.21     0.00  1008.84
    -5.00  1000.00     0.00    -0.65    -0.83    -0.16     0.21    -3.98    -5.02     0.92    -0.88     0.02     0.01     0.23    -0.29 -1007.79    -0.00
    -5.00 -1000.00     0.00    -1.01    -0.83    -0.26     0.21    -6.07    -5.02     0.84    -0.88     0.00     0.01     0.36    -0.29  1007.74     0.00
    -5.00     0.00  1000.00    -0.83    -0.65    -0.21     0.16    -5.02    -3.98     0.88    -0.92     0.01     0.02     0.29    -0.23     0.00 -1007.79
    -5.00     0.00 -1000.00    -0.83    -1.01    -0.21     0.26    -5.02    -6.07     0.88    -0.84     0.01     0.00     0.29    -0.36     0.00  1007.74
   -10.00  1000.00     0.00    -1.51    -1.69    -0.43     0.49    -9.00   -10.05     0.81    -0.77     0.03     0.02     0.53    -0.59 -1007.54    -0.00
   -10.00 -1000.00     0.00    -1.88    -1.69    -0.56     0.49   -11.09   -10.05     0.73    -0.77     0.01     0.02     0.65    -0.59  1007.47    -0.00
   -10.00     0.00  1000.00    -1.69    -1.51    -0.49     0.43   -10.05    -9.00     0.77    -0.81     0.02     0.03     0.59    -0.53     0.00 -1007.53
   -10.00     0.00 -1000.00    -1.69    -1.88    -0.49     0.56   -10.05   -11.09     0.77    -0.73     0.02     0.01     0.59    -0.65    -0.00  1007.47
   -15.00  1000.00     0.00    -2.40    -2.59    -0.77     0.85   -14.02   -15.07     0.70    -0.66     0.04     0.03     0.83    -0.89 -1007.25    -0.00
   -15.00 -1000.00     0.00    -2.78    -2.59    -0.93     0.85   -16.11   -15.07     0.63    -0.66     0.02     0.03     0.96    -0.89  1007.18     0.00
   -15.00     0.00  1000.00    -2.59    -2.40    -0.85     0.77   -15.07   -14.02     0.66    -0.70     0.03     0.04     0.89    -0.83    -0.00 -1007.25
   -15.00     0.00 -1000.00    -2.59    -2.78    -0.85     0.93   -15.07   -16.11     0.66    -0.63     0.03     0.02     0.89    -0.96     0.00  1007.18
   -20.00  1000.00     0.00    -3.33    -3.53    -1.20     1.29   -19.04   -20.09     0.60    -0.56     0.04     0.03     1.13    -1.20 -1006.95    -0.00
   -20.00 -1000.00     0.00    -3.73    -3.53    -1.39     1.29   -21.14   -20.09     0.53    -0.56     0.02     0.03     1.26    -1.20  1006.87     0.00
   -20.00     0.00  1000.00    -3.53    -3.33    -1.29     1.20   -20.09   -19.04     0.56    -0.60     0.03     0.04     1.20    -1.13    -0.00 -1006.95
   -20.00     0.00 -1000.00    -3.53    -3.73    -1.29     1.39   -20.09   -21.14     0.56    -0.53     0.03     0.02     1.20    -1.26     0.00  1006.87
   -25.00  1000.00     0.00    -4.30    -4.50    -1.70     1.81   -24.06   -25.11     0.50    -0.47     0.04     0.03     1.44    -1.51 -1006.62    -0.00
   -25.00 -1000.00     0.00    -4.71    -4.50    -1.93     1.81   -26.15   -25.11     0.44    -0.47     0.02     0.03     1.57    -1.51  1006.53     0.00
   -25.00     0.00  1000.00    -4.50    -4.30    -1.81     1.70   -25.11   -24.06     0.47    -0.50     0.03     0.04     1.51    -1.44    -0.00 -1006.62
   -25.00     0.00 -1000.00    -4.50    -4.71    -1.81     1.93   -25.11   -26.15     0.47    -0.44     0.03     0.02     1.51    -1.57     0.00  1006.53
   -30.00  1000.00     0.00    -5.30    -5.52    -2.28     2.41   -29.08   -30.13     0.42    -0.38     0.04     0.03     1.75    -1.82 -1006.27    -0.00
   -30.00 -1000.00     0.00    -5.73    -5.52    -2.54     2.41   -31.17   -30.13     0.35    -0.38     0.01     0.03     1.89    -1.82  1006.17     0.00
   -30.00     0.00  1000.00    -5.52    -5.30    -2.41     2.28   -30.13   -29.08     0.38    -0.42     0.03     0.04     1.82    -1.75     0.00 -1006.27
   -30.00     0.00 -1000.00    -5.52    -5.73    -2.41     2.54   -30.13   -31.17     0.38    -0.35     0.03     0.01     1.82    -1.89    -0.00  1006.17
   -35.00  1000.00     0.00    -6.35    -6.57    -2.95     3.09   -34.10   -35.15     0.33    -0.30     0.03     0.02     2.07    -2.14 -1005.90    -0.00
   -35.00 -1000.00     0.00    -6.79    -6.57    -3.24     3.09   -36.19   -35.15     0.27    -0.30     0.01     0.02     2.20    -2.14  1005.80     0.00
   -35.00     0.00  1000.00    -6.57    -6.35    -3.09     2.95   -35.15   -34.10     0.30    -0.33     0.02     0.03     2.14    -2.07     0.00 -1005.90
   -35.00     0.00 -1000.00    -6.57    -6.79    -3.09     3.24   -35.15   -36.19     0.30    -0.27     0.02     0.01     2.14    -2.20     0.00  1005.80
   -40.00  1000.00     0.00    -7.43    -7.66    -3.70     3.86   -39.12   -40.16     0.26    -0.23     0.02     0.01     2.39    -2.46 -1005.51    -0.00
   -40.00 -1000.00     0.00    -7.89    -7.66    -4.02     3.86   -41.21   -40.16     0.19    -0.23    -0.01     0.01     2.53    -2.46  1005.40     0.00
   -40.00     0.00  1000.00    -7.66    -7.43    -3.86     3.70   -40.16   -39.12     0.23    -0.26     0.01     0.02     2.46    -2.39    -0.00 -1005.51
   -40.00     0.00 -1000.00    -7.66    -7.89    -3.86     4.02   -40.16   -41.21     0.23    -0.19     0.01    -0.01     2.46    -2.53    -0.00  1005.40
